i7_f
   1    2    3    4    5 
  18  627 2314 1471  338 
   Min. 1st Qu.  Median    Mean 3rd Qu.    Max. 
   0.00   70.00   80.00   77.13   85.00  100.00 
i7
   1    2    3    4    5 
  18  627 2314 1471  338 
i7
   1    2    3    4    5 
  18  627 2314 1471  338 
       1        2        3        4        5 
71.38889 78.38596 77.44080 76.05914 77.68935 
       1        2        3        4        5 
12.22408 11.98619 11.59573 12.98911 10.49945 
              Df Sum Sq Mean Sq F value   Pr(>F)    
i7_f           4   3598   899.6   6.222 5.45e-05 ***
Residuals   4763 688649   144.6                     
---
Signif. codes:  0 ¡®***¡¯ 0.001 ¡®**¡¯ 0.01 ¡®*¡¯ 0.05 ¡®.¡¯ 0.1 ¡® ¡¯ 1
       25%        75% 
0.06235864 0.83980424 
       25%        75% 
 0.7500307 10.0952967 
       25%        75% 
0.06235864 0.83980424 
            dffits   (Intercept)        i7_f.L        i7_f.Q
1     0.0217226863  1.825079e-03  7.582047e-14 -1.851053e-03
2    -0.0131464168 -1.385322e-03 -7.050834e-04  7.025188e-04
3     0.0085502755  9.009975e-04  4.585780e-04 -4.569100e-04
4    -0.0301692061 -2.534732e-03 -2.870896e-14  2.570805e-03
5     0.0044259728  3.718578e-04 -1.015975e-14 -3.771499e-04
6     0.0193994283  2.044242e-03  1.040452e-03 -1.036668e-03
7    -0.0301692061 -2.534732e-03  8.335495e-16  2.570805e-03
8    -0.0128688114 -1.081201e-03 -4.439501e-16  1.096588e-03
9    -0.0301692061 -2.534732e-03  8.335495e-16  2.570805e-03
10    0.0044259728  3.718578e-04 -3.347209e-17 -3.771499e-04
11   -0.0128688114 -1.081201e-03 -4.440574e-16  1.096588e-03
12   -0.0348488417 -3.672246e-03 -1.869052e-03  1.862254e-03
13    0.0130736171  1.098409e-03  3.315146e-16 -1.114041e-03
14    0.0193994283  2.044242e-03  1.040452e-03 -1.036668e-03
15    0.0044259728  3.718578e-04 -3.333799e-17 -3.771499e-04
16   -0.0131464168 -1.385322e-03 -7.050834e-04  7.025188e-04
17   -0.0131464168 -1.385322e-03 -7.050834e-04  7.025188e-04
18   -0.0131464168 -1.385322e-03 -7.050834e-04  7.025188e-04
19    0.0085502755  9.009975e-04  4.585780e-04 -4.569100e-04
20   -0.0022979454 -2.421493e-04 -1.232460e-04  1.227977e-04
21   -0.0022979454 -2.421493e-04 -1.232460e-04  1.227977e-04
22   -0.0022979454 -2.421493e-04 -1.232460e-04  1.227977e-04
23    0.0104823836  2.304366e-03  2.345693e-03  2.337161e-03
24    0.0130736171  1.098409e-03  3.301199e-16 -1.114041e-03
25    0.0085502755  9.009975e-04  4.585780e-04 -4.569100e-04
26    0.0104823836  2.304366e-03  2.345693e-03  2.337161e-03
27   -0.0128688114 -1.081201e-03 -4.422335e-16  1.096588e-03
28   -0.0131464168 -1.385322e-03 -7.050834e-04  7.025188e-04
29    0.0390288731  3.279096e-03 -1.482754e-15 -3.325763e-03
30   -0.0042211894 -3.546525e-04 -3.102068e-16  3.596997e-04
31   -0.0301692061 -2.534732e-03  8.256089e-16  2.570805e-03
32    0.0302506959  3.187710e-03  1.622439e-03 -1.616538e-03
33    0.0044259728  3.718578e-04 -3.306978e-17 -3.771499e-04
34    0.0085502755  9.009975e-04  4.585780e-04 -4.569100e-04
35    0.0044259728  3.718578e-04 -3.317707e-17 -3.771499e-04
36    0.0193994283  2.044242e-03  1.040452e-03 -1.036668e-03
37   -0.0128688114 -1.081201e-03 -4.413752e-16  1.096588e-03
38   -0.0348844842 -7.668736e-03 -7.806267e-03 -7.777873e-03
39    0.0193994283  2.044242e-03  1.040452e-03 -1.036668e-03
40    0.0044259728  3.718578e-04 -3.306978e-17 -3.771499e-04
41    0.0302506959  3.187710e-03  1.622439e-03 -1.616538e-03
42    0.0044259728  3.718578e-04 -3.315025e-17 -3.771499e-04
43    0.0085502755  9.009975e-04  4.585780e-04 -4.569100e-04
44    0.0104823836  2.304366e-03  2.345693e-03  2.337161e-03
45    0.0085502755  9.009975e-04  4.585780e-04 -4.569100e-04
46    0.0411052624  4.331526e-03  2.204604e-03 -2.196585e-03
47    0.0130736171  1.098409e-03  3.272232e-16 -1.114041e-03
48   -0.0474827632 -3.989368e-03 -9.471731e-16  4.046143e-03
49   -0.0042211894 -3.546525e-04 -3.087316e-16  3.596997e-04
50   -0.0301692061 -2.534732e-03  8.215313e-16  2.570805e-03
51    0.0085502755  9.009975e-04  4.585780e-04 -4.569100e-04
52   -0.0128688114 -1.081201e-03 -4.399805e-16  1.096588e-03
53   -0.0042211894 -3.546525e-04 -3.085439e-16  3.596997e-04
54    0.0199927132  1.679732e-03  3.683343e-16 -1.703637e-03
55   -0.0348488417 -3.672246e-03 -1.869052e-03  1.862254e-03
56    0.0217226863  1.825079e-03  1.800610e-15 -1.851053e-03
57   -0.0131464168 -1.385322e-03 -7.050834e-04  7.025188e-04
58   -0.0042211894 -3.546525e-04 -3.077661e-16  3.596997e-04
59    0.0053686960  8.665325e-04 -4.410364e-04 -4.394323e-04
60   -0.0131464168 -1.385322e-03 -7.050834e-04  7.025188e-04
61    0.0558538324  1.227848e-02  1.249868e-02  1.245322e-02
62   -0.0131464168 -1.385322e-03 -7.050834e-04  7.025188e-04
63   -0.0348844842 -7.668736e-03 -7.806267e-03 -7.777873e-03
64    0.0217226863  1.825079e-03  1.798250e-15 -1.851053e-03
65    0.0044259728  3.718578e-04 -3.285522e-17 -3.771499e-04
66   -0.0288237881 -2.745773e-02  2.795016e-02 -2.784849e-02
67   -0.0128688114 -1.081201e-03 -4.377275e-16  1.096588e-03
68    0.0386349855  6.235866e-03 -3.173850e-03 -3.162306e-03
69    0.0044259728  3.718578e-04 -3.285522e-17 -3.771499e-04
70    0.0217226863  1.825079e-03  1.795675e-15 -1.851053e-03
71    0.0085502755  9.009975e-04  4.585780e-04 -4.569100e-04
72   -0.0022979454 -2.421493e-04 -1.232460e-04  1.227977e-04
73    0.0302506959  3.187710e-03  1.622439e-03 -1.616538e-03
74   -0.0131464168 -1.385322e-03 -7.050834e-04  7.025188e-04
75    0.0044259728  3.718578e-04 -3.269430e-17 -3.771499e-04
76   -0.0348488417 -3.672246e-03 -1.869052e-03  1.862254e-03
77   -0.0128688114 -1.081201e-03 -4.374056e-16  1.096588e-03
78    0.0085502755  9.009975e-04  4.585780e-04 -4.569100e-04
79    0.0053686960  8.665325e-04 -4.410364e-04 -4.394323e-04
80    0.0199927132  1.679732e-03  3.646864e-16 -1.703637e-03
81    0.0302506959  3.187710e-03  1.622439e-03 -1.616538e-03
82   -0.0348844842 -7.668736e-03 -7.806267e-03 -7.777873e-03
83   -0.0022979454 -2.421493e-04 -1.232460e-04  1.227977e-04
84    0.0044259728  3.718578e-04 -3.272112e-17 -3.771499e-04
85    0.0044259728  3.718578e-04 -3.272112e-17 -3.771499e-04
86   -0.0042211894 -3.546525e-04 -3.095363e-16  3.596997e-04
87    0.0390288731  3.279096e-03 -1.465797e-15 -3.325763e-03
88   -0.0131464168 -1.385322e-03 -7.050834e-04  7.025188e-04
89    0.0302506959  3.187710e-03  1.622439e-03 -1.616538e-03
90    0.0044259728  3.718578e-04 -3.272112e-17 -3.771499e-04
91    0.0044259728  3.718578e-04 -3.280158e-17 -3.771499e-04
92    0.0044259728  3.718578e-04 -3.280158e-17 -3.771499e-04
93   -0.0348488417 -3.672246e-03 -1.869052e-03  1.862254e-03
94    0.0130736171  1.098409e-03  3.282961e-16 -1.114041e-03
95    0.0217226863  1.825079e-03  1.785374e-15 -1.851053e-03
96   -0.0042211894 -3.546525e-04 -3.086512e-16  3.596997e-04
97    0.0217226863  1.825079e-03  1.784945e-15 -1.851053e-03
98   -0.0278952506 -4.502423e-03  2.291585e-03  2.283250e-03
99   -0.0131464168 -1.385322e-03 -7.050834e-04  7.025188e-04
100   0.0130736171  1.098409e-03  3.279742e-16 -1.114041e-03
101   0.0386349855  6.235866e-03 -3.173850e-03 -3.162306e-03
102  -0.0445308818 -7.187491e-03  3.658196e-03  3.644890e-03
103   0.0044259728  3.718578e-04 -3.247973e-17 -3.771499e-04
104  -0.0131464168 -1.385322e-03 -7.050834e-04  7.025188e-04
105   0.0280802164  2.958993e-03  1.506030e-03 -1.500552e-03
106  -0.0022979454 -2.421493e-04 -1.232460e-04  1.227977e-04
107   0.0303741234  2.551948e-03  1.158903e-16 -2.588266e-03
108   0.0558538324  1.227848e-02  1.249868e-02  1.245322e-02
109   0.0085502755  9.009975e-04  4.585780e-04 -4.569100e-04
110   0.0044259728  3.718578e-04 -3.269430e-17 -3.771499e-04
111   0.0130736171  1.098409e-03  3.273305e-16 -1.114041e-03
112  -0.0301692061 -2.534732e-03  8.120884e-16  2.570805e-03
113  -0.0128688114 -1.081201e-03 -4.347235e-16  1.096588e-03
114   0.0302506959  3.187710e-03  1.622439e-03 -1.616538e-03
115   0.0220006406  3.551006e-03 -1.807345e-03 -1.800771e-03
116   0.0302506959  3.187710e-03  1.622439e-03 -1.616538e-03
117  -0.0128688114 -1.081201e-03 -4.340798e-16  1.096588e-03
118  -0.0652599102 -6.876856e-03 -3.500093e-03  3.487362e-03
119   0.0044259728  3.718578e-04 -3.234563e-17 -3.771499e-04
120   0.0302506959  3.187710e-03  1.622439e-03 -1.616538e-03
121  -0.0128688114 -1.081201e-03 -4.339725e-16  1.096588e-03
122  -0.1612185821 -2.602143e-02  1.324405e-02  1.319588e-02
123   0.0053686960  8.665325e-04 -4.410364e-04 -4.394323e-04
124  -0.0112626630 -1.817846e-03  9.252237e-04  9.218584e-04
125   0.0044259728  3.718578e-04 -3.269430e-17 -3.771499e-04
126  -0.0007623221 -6.404816e-05  2.185868e-17  6.495966e-05
127   0.0044259728  3.718578e-04 -3.277476e-17 -3.771499e-04
128  -0.0128688114 -1.081201e-03 -4.339725e-16  1.096588e-03
129   0.0044259728  3.718578e-04 -3.242609e-17 -3.771499e-04
130   0.0220006406  3.551006e-03 -1.807345e-03 -1.800771e-03
131  -0.0112626630 -1.817846e-03  9.252237e-04  9.218584e-04
132   0.0353078373  5.698849e-03 -2.900526e-03 -2.889976e-03
133   0.0044259728  3.718578e-04 -3.256019e-17 -3.771499e-04
134  -0.0128688114 -1.081201e-03 -4.336506e-16  1.096588e-03
135  -0.0042211894 -3.546525e-04 -3.058618e-16  3.596997e-04
136   0.0130736171  1.098409e-03  3.267940e-16 -1.114041e-03
137   0.0044259728  3.718578e-04 -3.264065e-17 -3.771499e-04
138   0.0217226863  1.825079e-03  1.768422e-15 -1.851053e-03
139   0.0085502755  9.009975e-04  4.585780e-04 -4.569100e-04
140  -0.0112626630 -1.817846e-03  9.252237e-04  9.218584e-04
141   0.0199927132  1.679732e-03  3.603947e-16 -1.703637e-03
142   0.0044259728  3.718578e-04 -3.264065e-17 -3.771499e-04
            i7_f.C        i7_f^4        cooks
1     6.533392e-14  8.152053e-03 9.437321e-05
2     2.636429e-03  4.125199e-03 3.457107e-05
3    -1.714703e-03 -2.682981e-03 1.462418e-05
4    -3.248619e-14 -1.132185e-02 1.819940e-04
5    -1.125032e-14  1.660972e-03 3.918632e-06
6    -3.890430e-03 -6.087325e-03 7.527462e-05
7    -3.826406e-17 -1.132185e-02 1.819940e-04
8    -5.780155e-16 -4.829386e-03 3.312555e-05
9    -3.826406e-17 -1.132185e-02 1.819940e-04
10   -6.985839e-17  1.660972e-03 3.918632e-06
11   -5.771838e-16 -4.829386e-03 3.312555e-05
12    6.988710e-03  1.093518e-02 2.428483e-04
13   -1.696623e-16  4.906245e-03 3.418823e-05
14   -3.890430e-03 -6.087325e-03 7.527462e-05
15   -6.965048e-17  1.660972e-03 3.918632e-06
16    2.636429e-03  4.125199e-03 3.457107e-05
17    2.636429e-03  4.125199e-03 3.457107e-05
18    2.636429e-03  4.125199e-03 3.457107e-05
19   -1.714703e-03 -2.682981e-03 1.462418e-05
20    4.608381e-04  7.210697e-04 1.056331e-06
21    4.608381e-04  7.210697e-04 1.056331e-06
22    4.608381e-04  7.210697e-04 1.056331e-06
23    2.192738e-03  1.715480e-03 2.198052e-05
24   -1.709098e-16  4.906245e-03 3.418823e-05
25   -1.714703e-03 -2.682981e-03 1.462418e-05
26    2.192738e-03  1.715480e-03 2.198052e-05
27   -5.755205e-16 -4.829386e-03 3.312555e-05
28    2.636429e-03  4.125199e-03 3.457107e-05
29   -2.284538e-15  1.464669e-02 3.044893e-04
30   -2.996009e-16 -1.584121e-03 3.564405e-06
31   -4.159137e-17 -1.132185e-02 1.819940e-04
32   -6.066582e-03 -9.492332e-03 1.830077e-04
33   -6.923465e-17  1.660972e-03 3.918632e-06
34   -1.714703e-03 -2.682981e-03 1.462418e-05
35   -6.944257e-17  1.660972e-03 3.918632e-06
36   -3.890430e-03 -6.087325e-03 7.527462e-05
37   -5.738571e-16 -4.829386e-03 3.312555e-05
38   -7.297246e-03 -5.708971e-03 2.434156e-04
39   -3.890430e-03 -6.087325e-03 7.527462e-05
40   -6.923465e-17  1.660972e-03 3.918632e-06
41   -6.066582e-03 -9.492332e-03 1.830077e-04
42   -6.923465e-17  1.660972e-03 3.918632e-06
43   -1.714703e-03 -2.682981e-03 1.462418e-05
44    2.192738e-03  1.715480e-03 2.198052e-05
45   -1.714703e-03 -2.682981e-03 1.462418e-05
46   -8.243395e-03 -1.289837e-02 3.378233e-04
47   -1.717415e-16  4.906245e-03 3.418823e-05
48   -1.930469e-16 -1.781925e-02 4.505239e-04
49   -2.981455e-16 -1.584121e-03 3.564405e-06
50   -4.159137e-17 -1.132185e-02 1.819940e-04
51   -1.714703e-03 -2.682981e-03 1.462418e-05
52   -5.709463e-16 -4.829386e-03 3.312555e-05
53   -2.979376e-16 -1.584121e-03 3.564405e-06
54    3.218773e-16  7.502832e-03 7.994298e-05
55    6.988710e-03  1.093518e-02 2.428483e-04
56    1.707560e-15  8.152053e-03 9.437321e-05
57    2.636429e-03  4.125199e-03 3.457107e-05
58   -2.971059e-16 -1.584121e-03 3.564405e-06
59    1.649112e-03 -2.580352e-03 5.765768e-06
60    2.636429e-03  4.125199e-03 3.457107e-05
61    1.168368e-02  9.140681e-03 6.239234e-04
62    2.636429e-03  4.125199e-03 3.457107e-05
63   -7.297246e-03 -5.708971e-03 2.434156e-04
64    1.705065e-15  8.152053e-03 9.437321e-05
65   -6.861092e-17  1.660972e-03 3.918632e-06
66    2.612762e-02 -2.044084e-02 1.661966e-04
67   -5.684512e-16 -4.829386e-03 3.312555e-05
68    1.186758e-02 -1.856910e-02 2.985365e-04
69   -6.861092e-17  1.660972e-03 3.918632e-06
70    1.702569e-15  8.152053e-03 9.437321e-05
71   -1.714703e-03 -2.682981e-03 1.462418e-05
72    4.608381e-04  7.210697e-04 1.056331e-06
73   -6.066582e-03 -9.492332e-03 1.830077e-04
74    2.636429e-03  4.125199e-03 3.457107e-05
75   -6.840301e-17  1.660972e-03 3.918632e-06
76    6.988710e-03  1.093518e-02 2.428483e-04
77   -5.676195e-16 -4.829386e-03 3.312555e-05
78   -1.714703e-03 -2.682981e-03 1.462418e-05
79    1.649112e-03 -2.580352e-03 5.765768e-06
80    3.185504e-16  7.502832e-03 7.994298e-05
81   -6.066582e-03 -9.492332e-03 1.830077e-04
82   -7.297246e-03 -5.708971e-03 2.434156e-04
83    4.608381e-04  7.210697e-04 1.056331e-06
84   -6.840301e-17  1.660972e-03 3.918632e-06
85   -6.840301e-17  1.660972e-03 3.918632e-06
86   -2.991851e-16 -1.584121e-03 3.564405e-06
87   -2.257915e-15  1.464669e-02 3.044893e-04
88    2.636429e-03  4.125199e-03 3.457107e-05
89   -6.066582e-03 -9.492332e-03 1.830077e-04
90   -6.840301e-17  1.660972e-03 3.918632e-06
91   -6.840301e-17  1.660972e-03 3.918632e-06
92   -6.840301e-17  1.660972e-03 3.918632e-06
93    6.988710e-03  1.093518e-02 2.428483e-04
94   -1.646723e-16  4.906245e-03 3.418823e-05
95    1.693420e-15  8.152053e-03 9.437321e-05
96   -2.983534e-16 -1.584121e-03 3.564405e-06
97    1.692589e-15  8.152053e-03 9.437321e-05
98   -8.568633e-03  1.340727e-02 1.556458e-04
99    2.636429e-03  4.125199e-03 3.457107e-05
100  -1.642564e-16  4.906245e-03 3.418823e-05
101   1.186758e-02 -1.856910e-02 2.985365e-04
102  -1.367863e-02  2.140284e-02 3.965798e-04
103  -6.798718e-17  1.660972e-03 3.918632e-06
104   2.636429e-03  4.125199e-03 3.457107e-05
105  -5.631306e-03 -8.811260e-03 1.576944e-04
106   4.608381e-04  7.210697e-04 1.056331e-06
107  -2.196031e-16  1.139875e-02 1.844736e-04
108   1.168368e-02  9.140681e-03 6.239234e-04
109  -1.714703e-03 -2.682981e-03 1.462418e-05
110  -6.819509e-17  1.660972e-03 3.918632e-06
111  -1.642564e-16  4.906245e-03 3.418823e-05
112  -3.826406e-17 -1.132185e-02 1.819940e-04
113  -5.626295e-16 -4.829386e-03 3.312555e-05
114  -6.066582e-03 -9.492332e-03 1.830077e-04
115   6.757975e-03 -1.057415e-02 9.681981e-05
116  -6.066582e-03 -9.492332e-03 1.830077e-04
117  -5.622136e-16 -4.829386e-03 3.312555e-05
118   1.308745e-02  2.047783e-02 8.508315e-04
119  -6.777927e-17  1.660972e-03 3.918632e-06
120  -6.066582e-03 -9.492332e-03 1.830077e-04
121  -5.617978e-16 -4.829386e-03 3.312555e-05
122  -4.952179e-02  7.748635e-02 5.181673e-03
123   1.649112e-03 -2.580352e-03 5.765768e-06
124  -3.459572e-03  5.413164e-03 2.537442e-05
125  -6.819509e-17  1.660972e-03 3.918632e-06
126   2.684650e-17 -2.860830e-04 1.162514e-07
127  -6.819509e-17  1.660972e-03 3.918632e-06
128  -5.613820e-16 -4.829386e-03 3.312555e-05
129  -6.777927e-17  1.660972e-03 3.918632e-06
130   6.757975e-03 -1.057415e-02 9.681981e-05
131  -3.459572e-03  5.413164e-03 2.537442e-05
132   1.084557e-02 -1.696998e-02 2.493402e-04
133  -6.798718e-17  1.660972e-03 3.918632e-06
134  -5.609661e-16 -4.829386e-03 3.312555e-05
135  -2.956506e-16 -1.584121e-03 3.564405e-06
136  -1.617614e-16  4.906245e-03 3.418823e-05
137  -6.798718e-17  1.660972e-03 3.918632e-06
138   1.676786e-15  8.152053e-03 9.437321e-05
139  -1.714703e-03 -2.682981e-03 1.462418e-05
140  -3.459572e-03  5.413164e-03 2.537442e-05
141   3.152235e-16  7.502832e-03 7.994298e-05
142  -6.798718e-17  1.660972e-03 3.918632e-06
 [ reached getOption("max.print") -- omitted 4626 rows ]

	Pairwise comparisons using t tests with pooled SD 

data:  h1 and i7_f 

  1       2       3       4      
2 0.01496 -       -       -      
3 0.03346 0.08089 -       -      
4 0.10152 5e-05   0.00057 -      
5 0.03035 0.39063 0.72261 0.02464

P value adjustment method: none 

	Pairwise comparisons using t tests with pooled SD 

data:  h1 and i7_f 

  1      2      3      4     
2 0.1496 -      -      -     
3 0.3346 0.8089 -      -     
4 1.0000 0.0005 0.0057 -     
5 0.3035 1.0000 1.0000 0.2464

P value adjustment method: bonferroni 
  Tukey multiple comparisons of means
    95% family-wise confidence level

Fit: aov(formula = h1 ~ i7_f)

$i7_f
          diff        lwr        upr     p adj
2-1  6.9970760 -0.8470330 14.8411850 0.1064654
3-1  6.0519063 -1.7119972 13.8158098 0.2086423
4-1  4.6702546 -3.1108015 12.4513106 0.4731127
5-1  6.3004602 -1.6366824 14.2376028 0.1928232
3-2 -0.9451698 -2.4224601  0.5321206 0.4058185
4-2 -2.3268215 -3.8917569 -0.7618861 0.0004839
5-2 -0.6966158 -2.9107570  1.5175254 0.9119030
4-3 -1.3816517 -2.4758064 -0.2874971 0.0052004
5-3  0.2485540 -1.6620933  2.1592012 0.9966054
5-4  1.6302057 -0.3489884  3.6093997 0.1625108

